        GLOBAL Station Temperature Index in 0.01 degrees Celsius   base period: 1951-1980

                    sources:  GHCN-v3 1880-01/2017 (meteorological stations only)
                    using elimination of outliers and homogeneity adjustment
                    Notes: 1950 DJF = Dec 1949 - Feb 1950 ;  ***** = missing

                                                                     AnnMean
Year   Jan  Feb  Mar  Apr  May  Jun  Jul  Aug  Sep  Oct  Nov  Dec    J-D D-N    DJF  MAM  JJA  SON  Year
1880   -87  -49  -53  -69  -40  -52  -50    0  -55  -68  -54  -59    -53 ***   ****  -54  -34  -59  1880
1881   -82  -67  -43  -33   -9 -115  -62  -32  -46  -62  -65  -21    -53 -56    -70  -28  -70  -58  1881
1882     2  -22  -18  -67  -45 -107  -79  -19  -11  -39  -49  -75    -44 -39    -14  -43  -68  -33  1882
1883   -77 -101  -58  -42  -46   29  -15  -29  -58  -67  -80  -51    -50 -52    -84  -49   -5  -68  1883
1884   -62  -48  -60 -100 -126  -90  -97    2  -46  -86  -92 -107    -76 -71    -54  -95  -62  -75  1884
1885  -106  -87  -98 -104  -60  -98  -70  -22  -17  -16  -44  -17    -62 -69   -100  -87  -63  -26  1885
1886   -86  -93  -77  -67  -61  -94  -44  -79  -47  -86  -54  -81    -72 -67    -65  -68  -72  -62  1886
1887   -95 -132  -66  -87  -88  -71  -42  -31  -61  -59  -94  -77    -75 -76   -102  -80  -48  -71  1887
1888   -80  -86  -95  -36  -79  -58  -39  -39  -38  -37  -10  -30    -52 -56    -81  -70  -45  -28  1888
1889   -45    4   -3   -1   -1  -31  -51  -68  -44  -29  -63  -54    -32 -30    -24   -2  -50  -45  1889
1890   -69  -69  -71  -57  -98  -62  -70  -68  -39  -34  -80  -58    -65 -64    -64  -75  -67  -51  1890
1891  -104 -107  -57  -70  -52  -60  -77  -59  -50  -67  -64  -12    -65 -69    -89  -60  -66  -60  1891
1892   -64  -36  -64  -77  -75  -64  -48  -35  -51  -44  -67  -67    -58 -53    -37  -72  -49  -54  1892
1893  -151 -105  -64  -72  -83  -81  -24  -43  -36  -18  -25  -46    -62 -64   -108  -73  -49  -26  1893
1894   -91  -64  -41  -68  -71  -53  -43  -42  -53  -19  -26  -22    -49 -51    -67  -60  -46  -32  1894
1895   -76  -85  -59  -53  -35  -34  -53  -24  -17  -17  -20  -15    -41 -41    -61  -49  -37  -18  1895
1896   -29  -33  -58  -53  -47  -46  -24  -40  -17   -9  -51  -27    -36 -35    -26  -53  -37  -25  1896
1897   -32  -55  -37  -16  -30  -21  -15  -38  -20  -31  -10  -33    -28 -28    -38  -28  -25  -20  1897
1898   -19  -54  -86  -62  -68  -33  -40  -29   -9  -46  -56  -28    -44 -45    -35  -72  -34  -37  1898
1899   -49  -65  -45  -31  -46  -60  -34  -35   -4  -33   -8  -28    -36 -36    -47  -41  -43  -15  1899
1900   -61  -12  -23  -21  -22  -16  -42  -23  -13    6  -18  -12    -21 -23    -33  -22  -27   -8  1900

Year   Jan  Feb  Mar  Apr  May  Jun  Jul  Aug  Sep  Oct  Nov  Dec    J-D D-N    DJF  MAM  JJA  SON  Year
1901   -31  -17  -15  -14  -27   -4  -32  -29   -4  -24  -19  -28    -20 -19    -20  -19  -22  -16  1901
1902   -38  -10  -22  -24  -36  -42  -50  -55  -46  -51  -55  -62    -41 -38    -25  -27  -49  -51  1902
1903   -40  -19  -24  -60  -50  -69  -38  -49  -47  -54  -52  -66    -47 -47    -40  -45  -52  -51  1903
1904   -84  -82  -59  -51  -68  -53  -66  -54  -50  -57  -32  -46    -58 -60    -77  -59  -58  -46  1904
1905   -47 -104  -28  -34  -38  -35  -49  -32  -26  -40  -12  -29    -40 -41    -66  -33  -38  -26  1905
1906   -22  -41  -38    2  -24  -29  -28  -23  -35  -23  -58  -30    -29 -29    -31  -20  -27  -39  1906
1907   -54  -73  -50  -65  -63  -71  -47  -60  -43  -38  -65  -71    -58 -55    -53  -60  -59  -48  1907
1908   -42  -36  -56  -50  -37  -47  -45  -44  -21  -44  -64  -45    -44 -47    -50  -48  -45  -43  1908
1909   -83  -62  -54  -66  -63  -47  -40  -15  -24  -22  -19  -59    -46 -45    -64  -61  -34  -22  1909
1910   -51  -43  -50  -35  -30  -39  -28  -19  -14  -35  -58  -70    -39 -38    -51  -38  -29  -36  1910
1911   -70  -70  -66  -57  -43  -43  -20  -29  -29  -22  -18  -31    -42 -45    -70  -55  -31  -23  1911
1912   -24  -15  -46  -32  -24  -31  -54  -66  -38  -51  -48  -38    -39 -38    -23  -34  -50  -46  1912
1913   -49  -55  -64  -35  -65  -64  -26  -24  -24  -34  -20   -1    -38 -42    -47  -55  -38  -26  1913
1914     9   -9  -10  -25   -6  -12  -26  -13  -13    7  -38  -27    -14 -11     -1  -13  -17  -14  1914
1915   -25    2   -9   -6  -24  -28   -2  -22   -4  -14    1  -16    -12 -13    -17  -13  -17   -6  1915
1916   -14  -19  -48  -34  -40  -55  -40  -16  -22  -20  -43  -85    -36 -31    -16  -41  -37  -29  1916
1917   -57  -78  -83  -57  -84  -51   -4  -43  -36  -54  -39  -97    -57 -56    -73  -75  -32  -43  1917
1918   -68  -66  -55  -58  -81  -47  -53  -53  -23   -2  -29  -40    -48 -53    -77  -65  -51  -18  1918
1919   -35  -29  -17  -17  -21  -23  -13  -11  -24  -12  -47  -35    -24 -24    -35  -18  -16  -28  1919
1920   -17  -33  -22  -26  -37  -43  -27  -20  -22  -49  -39  -55    -32 -31    -28  -28  -30  -37  1920

Year   Jan  Feb  Mar  Apr  May  Jun  Jul  Aug  Sep  Oct  Nov  Dec    J-D D-N    DJF  MAM  JJA  SON  Year
1921    -8  -22  -17  -23  -24  -16   -4  -52  -19  -16  -32  -24    -21 -24    -28  -21  -24  -22  1921
1922   -46  -51  -37  -15  -43  -37   -9  -30  -20  -33  -17  -20    -30 -30    -40  -32  -25  -23  1922
1923   -31  -29  -28  -54  -37  -33  -55  -43  -36  -17   -9  -14    -32 -33    -27  -39  -43  -21  1923
1924   -34  -48  -18  -55  -33  -22  -21  -21  -11  -18  -11  -33    -27 -25    -32  -35  -21  -13  1924
1925   -51  -42  -33  -21  -39  -46  -46  -15  -36  -42   -9   13    -31 -34    -42  -31  -36  -29  1925
1926    20   22   15  -17  -41  -27  -22   -3   -4  -17   -3  -31     -9  -5     18  -14  -17   -8  1926
1927   -25  -24  -44  -40  -36  -31  -10  -31  -17    8    5  -30    -23 -23    -27  -40  -24   -1  1927
1928    -2   -8  -15  -13  -45  -60  -11   -8   -3   -9    3  -10    -15 -17    -13  -24  -26   -3  1928
1929   -34  -57  -40  -48  -46  -49  -41  -42  -25   -5   -9  -67    -39 -34    -34  -45  -44  -13  1929
1930   -28  -25  -12  -28  -21  -26  -26  -23  -17  -36    3  -12    -21 -25    -40  -20  -25  -16  1930
1931   -16  -32   -8  -32  -21  -12    3    7  -19    1  -20    4    -12 -13    -20  -20   -1  -13  1931
1932    30  -32  -23    4  -21  -48  -25  -21    3    5  -13  -18    -13 -11      1  -13  -32   -2  1932
1933   -40  -31  -29  -22  -16  -30  -15  -21  -13  -11  -40  -58    -27 -24    -30  -23  -22  -21  1933
1934   -18  -15  -39  -38   -3  -20   -2    4  -11  -10    1    4    -12 -17    -30  -27   -6   -6  1934
1935   -36   20    0  -53  -38  -26  -31  -28  -42  -11  -36  -22    -25 -23     -4  -31  -28  -30  1935
1936   -32  -46  -20   -7  -32  -21   18   -3   -5   -2   -1    6    -12 -14    -33  -20   -2   -2  1936
1937   -15    3  -24  -22   -6   -8  -15    2   21   18   26  -11     -3  -1     -2  -17   -7   21  1937
1938    -4   -3   17   24    6  -14   -1  -11    7   27    9  -14      4   4     -6   16   -9   14  1938
1939    -5  -20  -39  -19   -4  -13  -16  -28  -17  -12  -20   30    -14 -17    -13  -21  -19  -16  1939
1940   -24    1    7   -1    3   14   18    6   18    3    3   20      6   6      2    3   13    8  1940

Year   Jan  Feb  Mar  Apr  May  Jun  Jul  Aug  Sep  Oct  Nov  Dec    J-D D-N    DJF  MAM  JJA  SON  Year
1941     0   16  -15   -3    6   10   23    1  -23    6   -8    0      1   3     12   -4   11   -8  1941
1942    17   -7   -5   -5   -2    4    1    6    3   -3    8    1      1   1      3   -4    3    2  1942
1943   -24    1  -20   -3  -14  -15    5  -21    2   24    4   17     -4  -5     -7  -12  -10   10  1943
1944    29   10    6  -10   -9  -10    1    3   21   17   -3  -23      3   6     19   -4   -2   11  1944
1945    -2  -18   -5    9  -29  -34  -26   16    3    2   -9  -38    -11 -10    -15   -8  -14   -1  1945
1946    -1   -8  -19    1   -2  -21    1   -7   -2  -17  -10  -32    -10 -10    -16   -7   -9  -10  1946
1947   -15    1   17   11   -2    1   -4    0    0   23   22  -18      3   2    -15    9   -1   15  1947
1948    17  -18  -30  -13    3    4  -17  -20    0   -3  -18  -20    -10  -9     -6  -14  -11   -7  1948
1949     2  -36   -8  -25  -14  -17  -10  -12   -6    1   -5  -18    -12 -13    -18  -16  -13   -3  1949
1950   -31  -32   -7  -24  -23  -10  -14  -35  -19  -23  -42  -19    -23 -23    -27  -18  -19  -28  1950
1951   -38  -47  -15   -4    5   -5   -5    9    7   -1   -3   13     -7 -10    -35   -5    0    1  1951
1952     8   10  -19   -8  -12  -10    4    9   13   -3  -21   -4     -3  -1     10  -13    1   -4  1952
1953     9    5   14   10   -4    1   -5   10    7    5    0   14      6   4      3    6    2    4  1953
1954   -32   -9  -11  -15  -19  -21  -27  -17  -17    0   16  -13    -14 -11     -9  -15  -22    0  1954
1955    22  -11  -39  -19  -18  -19  -17   10  -11    1  -25  -31    -13 -12     -1  -25   -9  -12  1955
1956   -24  -32  -33  -25  -30  -10  -12  -32  -15  -25  -24  -20    -23 -24    -29  -30  -18  -21  1956
1957   -15   -5   -8    0   -1   14  -12   13   10    1   13   20      2  -1    -13   -3    5    8  1957
1958    42   24   19    8   11  -18    8  -10   -7    9    8   -7      7  10     29   13   -7    4  1958
1959     4    9   24   19    0    8   10    0  -13  -10   -8    9      4   3      2   14    6  -11  1959
1960     8   27  -46  -20  -14   -1  -11    7    8   12  -10   17     -2  -3     15  -27   -2    3  1960

Year   Jan  Feb  Mar  Apr  May  Jun  Jul  Aug  Sep  Oct  Nov  Dec    J-D D-N    DJF  MAM  JJA  SON  Year
1961     9   23    3   13   17   12    0    7   15    9    8  -14      8  11     16   11    6   11  1961
1962     7   16   10    5  -12    5  -13   -8    0    1    9    0      2   1      3    1   -6    4  1962
1963    -2   23  -23  -19  -14    3    6   19   22    9    5   -5      2   2      7  -19    9   12  1963
1964    -7  -17  -28  -36  -33  -14   -8  -29  -37  -34  -21  -34    -25 -22     -9  -32  -17  -31  1964
1965    -6  -18  -12  -29  -16  -16  -26   -9  -26   -9  -13  -19    -17 -18    -19  -19  -17  -16  1965
1966   -22   -4   13   -9  -10   -4   11  -10   -3  -26   -5   -9     -7  -7    -15   -2   -1  -11  1966
1967    -8  -26    0   -9   17  -13    5    2   -1   11    1    0     -2  -2    -14    3   -2    4  1967
1968   -21  -17   32   -9  -18  -12  -13   -8  -27    6   -8  -21    -10  -8    -13    2  -11  -10  1968
1969   -16  -26  -10   11   16    4   -2   -9    1    8    9   33      1  -3    -21    6   -3    6  1969
1970     4   27   10   12   -5   11    9   -8   15   11    4  -10      7  10     21    6    4   10  1970
1971    -1  -13  -20   -3   -6  -20   -9    4    2   -1  -10   -4     -7  -7     -8  -10   -8   -3  1971
1972   -28  -31   -7   -5   -2    8    6   19    6   -3   -4   15     -2  -4    -21   -5   11    0  1972
1973    26   32   38   36   36   29   22    6   12   21   11   -1     22  24     25   37   19   14  1973
1974    -6  -23    0   -7    3    2   -2   13  -15   -7   -7   -3     -4  -4    -10   -2    4  -10  1974
1975     7   10   14    5   27    5    7  -25   -3   -4   -6  -22      1   3      5   15   -4   -4  1975
1976    -1   -8  -31  -22  -23  -17  -16  -23  -15  -36  -16   -2    -18 -19    -10  -25  -19  -22  1976
1977    15   23   31   31   30   32   31   29   -8    0   25   15     21  20     12   31   31    6  1977
1978    14   20   28   27   21    4   19  -14   15    4   15   11     14  14     16   25    3   12  1978
1979    18  -10   26   20    9   21    4   13   29   27   30   52     20  17      6   18   13   29  1979
1980    36   46   41   44   46   21   37   31   32   24   29   18     34  37     45   44   30   28  1980

Year   Jan  Feb  Mar  Apr  May  Jun  Jul  Aug  Sep  Oct  Nov  Dec    J-D D-N    DJF  MAM  JJA  SON  Year
1981    62   57   66   51   33   38   51   53   28   11   22   47     43  41     46   50   47   20  1981
1982    12   25   -1    3   25    4   18    8    9    1   13   41     13  14     28    9   10    8  1982
1983    49   41   47   41   48   28   21   46   56   34   33   18     39  41     44   45   32   41  1983
1984    25   17   38   16   47    5   19   28   28   23   12    4     22  23     20   33   17   21  1984
1985    32    2   27   21   22   27    3   36   26   14    9   14     20  19     13   24   22   17  1985
1986    39   53   40   44   34   13   15   21    3   12   13   21     26  25     35   39   17    9  1986
1987    44   53   25   38   30   56   60   28   36   34   30   56     41  38     39   31   48   33  1987
1988    67   49   62   51   62   60   45   57   56   55   18   39     52  53     57   58   54   43  1988
1989    26   46   45   43   19   15   49   52   53   44   23   40     38  38     37   35   39   40  1989
1990    53   42   86   65   56   47   62   43   31   52   54   48     53  53     45   69   51   45  1990
1991    50   61   48   73   43   69   63   56   63   35   33   33     52  53     53   54   62   44  1991
1992    50   42   54   24   26   29    8   13   -4    9    2   24     23  24     42   35   17    2  1992
1993    39   41   33   31   27   27   39   21    9   23    9   19     26  27     35   30   29   14  1993
1994    39    8   26   54   26   56   41   26   41   41   52   44     38  36     22   35   41   45  1994
1995    56   89   51   58   38   51   63   57   46   67   53   40     56  56     63   49   57   55  1995
1996    42   60   45   50   35   33   57   75   43   33   51   53     48  47     47   43   55   42  1996
1997    47   55   66   39   44   68   33   45   50   60   72   69     54  53     52   49   49   60  1997
1998    72  120   84   83   94  105   91   85   58   68   66   78     84  83     87   87   94   64  1998
1999    68   85   49   41   48   61   63   54   65   63   59   52     59  61     77   46   59   62  1999
2000    30   78   71   76   57   69   63   61   55   35   47   48     57  58     53   68   64   46  2000

Year   Jan  Feb  Mar  Apr  May  Jun  Jul  Aug  Sep  Oct  Nov  Dec    J-D D-N    DJF  MAM  JJA  SON  Year
2001    57   62   68   61   73   66   72   63   70   61   78   73     67  65     56   68   67   70  2001
2002    97   89  112   80   87   64   83   68   82   64   71   55     79  81     86   93   72   72  2002
2003    93   74   72   69   87   64   65   86   82   85   65   88     78  75     74   76   72   77  2003
2004    73   93   85   77   49   64   23   58   59   82   87   66     68  70     85   70   48   76  2004
2005    96   87   94   83   76   82   79   73   97   99   89   89     87  85     83   84   78   95  2005
2006    77   92   81   69   50   78   66   84   74   83   87   92     78  77     86   67   76   81  2006
2007   122   94   93   94   93   66   79   84   81   79   73   71     86  87    103   93   76   78  2007
2008    47   46   89   66   56   52   72   39   82   73   80   72     65  65     55   71   55   78  2008
2009    74   74   64   75   82   79   86   84   90   71   82   75     78  78     73   74   83   81  2009
2010    95  104  111  100   95   84   74   83   86   94  100   69     91  92     91  102   80   93  2010
2011    71   68   77   81   64   73   90   95   77   83   77   79     78  77     70   74   86   79  2011
2012    61   57   70   79   95   71   56   85   89   93   94   71     77  77     66   81   71   92  2012
2013    98   75   87   66   67   87   66   79  100   85   88   83     82  81     81   73   77   91  2013
2014    95   65   78   88  104   76   71   85  109  101   79   97     87  86     81   90   77   96  2014
2015    94  107  110   74   85   83   68   89   78  116  115  138     97  93     99   90   80  103  2015
2016   134  159  160  131  116   88   98  128  110  120  117  111    123 125    144  136  105  116  2016
2017   111 **** **** **** **** **** **** **** **** **** **** ****   **** ***   **** **** **** ****  2017
Year   Jan  Feb  Mar  Apr  May  Jun  Jul  Aug  Sep  Oct  Nov  Dec    J-D D-N    DJF  MAM  JJA  SON  Year

Divide by 100 to get changes in degrees Celsius (deg-C).
Multiply that result by 1.8(=9/5) to get changes in degrees Fahrenheit (deg-F).

Example      --      Table Value :      40
                          change :    0.40 deg-C  or  0.72 deg-F