temp_GL_land_ocean,temp_NH_land_ocean,temp_SH_land_ocean,temp_GL_station,temp_NH_station,temp_SH_station,DATE
-29,-53,-5,-87,-102,-58,1880-01
-21,-44,2,-49,-82,-13,1880-02
-18,-30,-6,-53,-80,-41,1880-03
-27,-46,-8,-69,-92,-54,1880-04
-14,-11,-17,-40,-37,-39,1880-05
-29,-27,-31,-52,-38,-63,1880-06
-23,-28,-18,-50,-24,-73,1880-07
-8,-29,14,0,-35,27,1880-08
-16,-33,0,-55,-52,-51,1880-09
-15,-26,-5,-68,-55,-95,1880-10
-18,-39,2,-54,-89,-25,1880-11
-22,-41,-2,-59,-113,-10,1880-12
-10,-7,-12,-82,-67,-108,1881-01
-14,-25,-3,-67,-80,-57,1881-02
1,-2,3,-43,-39,-49,1881-03
-3,-8,2,-33,-31,-36,1881-04
-4,-13,5,-9,-31,-8,1881-05
-28,-44,-13,-115,-86,-145,1881-06
-6,-5,-8,-62,-39,-77,1881-07
-2,-4,0,-32,-19,-32,1881-08
-9,-22,3,-46,-34,-58,1881-09
-20,-36,-5,-62,-71,-67,1881-10
-26,-42,-11,-65,-66,-78,1881-11
-16,-31,-1,-21,-63,16,1881-12
9,16,2,2,15,-5,1882-01
8,18,-1,-22,10,-52,1882-02
1,-4,7,-18,-20,-30,1882-03
-20,-41,1,-67,-69,-82,1882-04
-17,-33,-2,-45,-64,-40,1882-05
-25,-32,-18,-107,-57,-139,1882-06
-11,-18,-3,-79,-54,-95,1882-07
3,1,6,-19,-23,-16,1882-08
0,-3,2,-11,-41,14,1882-09
-23,-50,3,-39,-87,1,1882-10
-21,-37,-6,-49,-97,-21,1882-11
-25,-39,-12,-75,-115,-70,1882-12
-34,-58,-10,-77,-118,-77,1883-01
-42,-67,-17,-101,-129,-96,1883-02
-18,-18,-18,-58,-63,-71,1883-03
-24,-31,-18,-42,-61,-35,1883-04
-26,-31,-21,-46,-65,-29,1883-05
-13,-24,-1,29,-33,71,1883-06
-9,-14,-4,-15,-26,-10,1883-07
-14,-27,0,-29,-49,-5,1883-08
-19,-31,-8,-58,-55,-51,1883-09
-12,-13,-11,-67,-52,-87,1883-10
-21,-34,-8,-80,-90,-84,1883-11
-19,-25,-12,-51,-76,-12,1883-12
-18,-22,-14,-62,-84,-47,1884-01
-12,-15,-10,-48,-75,-41,1884-02
-35,-65,-6,-60,-128,-26,1884-03
-36,-60,-13,-100,-120,-90,1884-04
-32,-42,-23,-126,-91,-166,1884-05
-38,-50,-27,-90,-91,-99,1884-06
-34,-45,-25,-97,-69,-119,1884-07
-26,-50,-4,2,-80,80,1884-08
-23,-45,-3,-46,-81,-21,1884-09
-22,-36,-9,-86,-79,-94,1884-10
-30,-44,-17,-92,-93,-77,1884-11
-29,-37,-22,-107,-82,-132,1884-12
-65,-111,-23,-106,-177,-82,1885-01
-29,-35,-24,-87,-62,-111,1885-02
-23,-18,-29,-98,-59,-127,1885-03
-45,-56,-35,-104,-82,-139,1885-04
-42,-56,-28,-60,-88,-58,1885-05
-50,-55,-45,-98,-66,-123,1885-06
-28,-33,-24,-70,-38,-104,1885-07
-27,-44,-11,-22,-58,-5,1885-08
-18,-32,-7,-17,-53,1,1885-09
-19,-29,-11,-16,-80,23,1885-10
-22,-27,-17,-44,-64,-24,1885-11
-7,2,-15,-17,-13,-29,1885-12
-42,-66,-20,-86,-151,-46,1886-01
-46,-67,-26,-93,-130,-81,1886-02
-41,-57,-27,-77,-102,-65,1886-03
-29,-36,-23,-67,-53,-71,1886-04
-27,-35,-19,-61,-53,-69,1886-05
-39,-42,-36,-94,-60,-125,1886-06
-16,-14,-18,-44,-11,-69,1886-07
-31,-46,-16,-79,-44,-101,1886-08
-19,-30,-8,-47,-38,-43,1886-09
-24,-25,-24,-86,-50,-127,1886-10
-25,-34,-18,-54,-79,-24,1886-11
-25,-12,-37,-81,-38,-98,1886-12
-66,-101,-32,-95,-172,-36,1887-01
-48,-53,-43,-132,-117,-147,1887-02
-31,-32,-30,-66,-70,-60,1887-03
-37,-41,-33,-87,-82,-86,1887-04
-33,-32,-34,-88,-36,-136,1887-05
-20,-13,-27,-71,-34,-93,1887-06
-18,-12,-25,-42,-15,-62,1887-07
-27,-43,-12,-31,-69,4,1887-08
-19,-12,-25,-61,-34,-90,1887-09
-32,-38,-26,-59,-69,-52,1887-10
-25,-19,-31,-94,-56,-124,1887-11
-38,-45,-32,-77,-100,-56,1887-12
-43,-58,-28,-80,-131,-32,1888-01
-42,-58,-27,-86,-132,-61,1888-02
-47,-63,-32,-95,-121,-88,1888-03
-28,-30,-27,-36,-62,-26,1888-04
-22,-14,-30,-79,-64,-107,1888-05
-20,-4,-35,-58,-50,-73,1888-06
-9,6,-24,-39,-24,-50,1888-07
-11,-10,-12,-39,-45,-37,1888-08
-6,-8,-5,-38,-41,-39,1888-09
1,5,-3,-37,-38,-51,1888-10
1,-3,4,-10,-38,9,1888-11
-12,-34,8,-30,-79,2,1888-12
-21,-41,-2,-45,-99,-20,1889-01
14,28,-1,4,-3,3,1889-02
4,3,5,-3,-12,-14,1889-03
4,12,-4,-1,21,-34,1889-04
-3,-7,2,-1,-1,-14,1889-05
-11,-13,-9,-31,-15,-45,1889-06
-5,2,-12,-51,-20,-85,1889-07
-17,-12,-22,-68,-29,-108,1889-08
-18,-20,-16,-44,-45,-46,1889-09
-22,-33,-11,-29,-63,-10,1889-10
-32,-54,-10,-63,-100,-40,1889-11
-31,-52,-10,-54,-83,-35,1889-12
-48,-66,-29,-69,-100,-62,1890-01
-48,-60,-37,-69,-73,-84,1890-02
-41,-42,-41,-71,-76,-71,1890-03
-37,-34,-41,-57,-57,-56,1890-04
-48,-48,-48,-98,-78,-120,1890-05
-27,-15,-38,-62,-35,-80,1890-06
-30,-28,-32,-70,-24,-113,1890-07
-36,-40,-32,-68,-34,-96,1890-08
-35,-41,-31,-39,-26,-51,1890-09
-22,-11,-34,-34,-11,-50,1890-10
-37,-52,-23,-80,-93,-72,1890-11
-30,-40,-21,-58,-64,-55,1890-12
-46,-63,-31,-104,-102,-117,1891-01
-49,-71,-27,-107,-122,-109,1891-02
-14,-8,-21,-57,-38,-76,1891-03
-25,-27,-23,-70,-63,-86,1891-04
-17,-17,-17,-52,-50,-59,1891-05
-21,-12,-31,-60,-37,-91,1891-06
-22,-14,-29,-77,-30,-127,1891-07
-20,-11,-30,-59,-25,-94,1891-08
-13,3,-28,-50,-14,-85,1891-09
-24,-24,-25,-67,-57,-85,1891-10
-37,-55,-21,-64,-104,-47,1891-11
-3,8,-13,-12,-1,-23,1891-12
-25,-35,-16,-64,-90,-56,1892-01
-15,-17,-13,-36,-40,-41,1892-02
-36,-53,-20,-64,-100,-47,1892-03
-35,-41,-29,-77,-85,-81,1892-04
-25,-23,-27,-75,-56,-99,1892-05
-20,-1,-38,-64,-7,-107,1892-06
-28,-15,-42,-48,-39,-57,1892-07
-19,-6,-33,-35,-38,-24,1892-08
-25,-32,-18,-51,-13,-85,1892-09
-17,-21,-12,-44,-21,-64,1892-10
-49,-87,-13,-67,-109,-46,1892-11
-29,-49,-10,-67,-95,-51,1892-12
-69,-132,-7,-151,-245,-102,1893-01
-51,-85,-17,-105,-144,-87,1893-02
-24,-28,-20,-64,-37,-81,1893-03
-32,-29,-35,-72,-37,-102,1893-04
-35,-36,-34,-83,-62,-98,1893-05
-24,-18,-31,-81,-25,-127,1893-06
-14,-12,-17,-24,-9,-33,1893-07
-23,-25,-23,-43,-22,-67,1893-08
-18,-17,-20,-36,-25,-47,1893-09
-16,-19,-13,-18,-12,-19,1893-10
-17,-20,-14,-25,-28,-29,1893-11
-38,-64,-13,-46,-82,-22,1893-12
-55,-87,-24,-91,-122,-82,1894-01
-31,-40,-22,-64,-71,-68,1894-02
-20,-16,-23,-41,-5,-69,1894-03
-41,-50,-32,-68,-69,-72,1894-04
-30,-24,-35,-71,-48,-99,1894-05
-43,-46,-40,-53,-42,-76,1894-06
-32,-30,-33,-43,-9,-76,1894-07
-28,-27,-29,-42,-16,-63,1894-08
-23,-26,-19,-53,-34,-73,1894-09
-17,-21,-12,-19,-36,-10,1894-10
-25,-47,-4,-26,-77,11,1894-11
-22,-31,-12,-22,-46,-9,1894-12
-44,-72,-16,-76,-129,-44,1895-01
-42,-73,-12,-85,-137,-56,1895-02
-29,-35,-24,-59,-58,-63,1895-03
-22,-19,-26,-53,-29,-71,1895-04
-23,-25,-20,-35,-28,-41,1895-05
-25,-25,-24,-34,-26,-50,1895-06
-16,-17,-16,-53,-20,-84,1895-07
-16,-29,-3,-24,-28,-25,1895-08
-1,4,-6,-17,5,-41,1895-09
-10,-11,-9,-17,-28,-11,1895-10
-15,-8,-21,-20,-16,-30,1895-11
-12,-17,-7,-15,-45,6,1895-12
-23,-42,-4,-29,-73,-7,1896-01
-15,-22,-7,-33,-47,-32,1896-02
-29,-51,-9,-58,-95,-42,1896-03
-33,-61,-4,-53,-96,-35,1896-04
-19,-18,-21,-47,-42,-61,1896-05
-13,7,-31,-46,7,-97,1896-06
-6,-1,-11,-24,1,-58,1896-07
-9,-9,-9,-40,-26,-64,1896-08
-5,-6,-4,-17,-13,-28,1896-09
4,4,5,-9,0,-18,1896-10
-16,-28,-3,-51,-63,-60,1896-11
-12,-22,-1,-27,-62,-6,1896-12
-22,-34,-12,-32,-56,-26,1897-01
-19,-32,-6,-55,-54,-67,1897-02
-12,-29,5,-37,-70,-25,1897-03
-1,1,-4,-16,-18,-21,1897-04
0,17,-17,-30,7,-67,1897-05
-12,-3,-21,-21,-15,-29,1897-06
-4,3,-10,-15,1,-27,1897-07
-3,3,-9,-38,-6,-65,1897-08
-4,-3,-5,-20,-14,-28,1897-09
-10,-12,-7,-31,-23,-43,1897-10
-18,-24,-11,-10,-33,8,1897-11
-26,-33,-19,-33,-37,-33,1897-12
-7,2,-15,-19,0,-32,1898-01
-34,-45,-23,-54,-64,-56,1898-02
-55,-70,-41,-86,-101,-84,1898-03
-33,-25,-41,-62,-28,-98,1898-04
-35,-34,-36,-68,-43,-101,1898-05
-20,-9,-31,-33,-9,-58,1898-06
-22,-10,-34,-40,-12,-68,1898-07
-22,-15,-29,-29,3,-59,1898-08
-18,-11,-26,-9,-9,-14,1898-09
-31,-30,-33,-46,-39,-58,1898-10
-35,-40,-31,-56,-60,-57,1898-11
-22,-21,-22,-28,-33,-27,1898-12
-18,-10,-27,-49,-17,-76,1899-01
-39,-57,-22,-65,-88,-60,1899-02
-35,-48,-22,-45,-59,-50,1899-03
-21,-19,-23,-31,-12,-54,1899-04
-20,-22,-20,-46,-24,-79,1899-05
-26,-33,-18,-60,-33,-91,1899-06
-13,-17,-10,-34,-3,-75,1899-07
-4,1,-9,-35,4,-84,1899-08
0,2,-2,-4,4,-24,1899-09
0,16,-15,-33,10,-78,1899-10
12,39,-13,-8,52,-55,1899-11
-27,-44,-10,-28,-68,-11,1899-12
-40,-57,-24,-61,-91,-50,1900-01
-8,-2,-14,-12,-15,-13,1900-02
2,21,-17,-23,18,-63,1900-03
-14,-13,-16,-21,-27,-25,1900-04
-5,7,-17,-22,-6,-36,1900-05
-14,-9,-19,-16,-14,-19,1900-06
-9,-2,-14,-42,-18,-63,1900-07
-3,2,-7,-23,-2,-41,1900-08
2,4,1,-13,-6,-21,1900-09
8,25,-6,6,23,-4,1900-10
-13,-15,-9,-18,-22,-15,1900-11
-14,-3,-23,-12,-4,-23,1900-12
-30,-38,-21,-31,-64,-9,1901-01
-5,8,-19,-17,-4,-32,1901-02
5,31,-20,-15,40,-61,1901-03
-5,10,-20,-14,22,-50,1901-04
-18,-11,-23,-27,-21,-35,1901-05
-10,4,-24,-4,7,-16,1901-06
-9,5,-22,-32,14,-74,1901-07
-13,-5,-19,-29,-7,-51,1901-08
-16,-18,-15,-4,-19,2,1901-09
-29,-27,-31,-24,-25,-31,1901-10
-17,-15,-18,-19,-32,-9,1901-11
-30,-37,-23,-28,-50,-14,1901-12
-20,-17,-24,-38,-27,-52,1902-01
-4,16,-23,-10,16,-30,1902-02
-28,-32,-25,-22,-40,-17,1902-03
-28,-35,-20,-24,-51,-10,1902-04
-30,-39,-22,-36,-57,-30,1902-05
-34,-41,-26,-42,-52,-37,1902-06
-26,-27,-23,-50,-39,-59,1902-07
-27,-21,-32,-55,-28,-87,1902-08
-20,-21,-19,-46,-34,-61,1902-09
-27,-27,-26,-51,-47,-60,1902-10
-36,-48,-25,-55,-73,-52,1902-11
-46,-66,-27,-62,-91,-45,1902-12
-28,-20,-34,-40,-30,-50,1903-01
-6,22,-33,-19,32,-58,1903-02
-23,-14,-32,-24,6,-47,1903-03
-40,-45,-34,-60,-49,-73,1903-04
-41,-50,-33,-50,-54,-50,1903-05
-44,-54,-36,-69,-61,-83,1903-06
-30,-33,-28,-38,-43,-40,1903-07
-43,-51,-37,-49,-55,-49,1903-08
-42,-40,-45,-47,-37,-62,1903-09
-41,-41,-43,-54,-47,-70,1903-10
-39,-35,-43,-52,-40,-69,1903-11
-47,-49,-46,-66,-67,-71,1903-12
-64,-76,-54,-84,-112,-75,1904-01
-55,-54,-56,-82,-68,-98,1904-02
-46,-39,-53,-59,-31,-88,1904-03
-50,-56,-45,-51,-52,-55,1904-04
-50,-46,-54,-68,-40,-91,1904-05
-49,-50,-48,-53,-39,-70,1904-06
-48,-55,-42,-66,-48,-82,1904-07
-43,-42,-44,-54,-35,-76,1904-08
-46,-55,-39,-50,-53,-57,1904-09
-35,-32,-38,-57,-32,-85,1904-10
-17,-7,-26,-32,-5,-52,1904-11
-29,-24,-34,-46,-26,-63,1904-12
-38,-43,-32,-47,-39,-56,1905-01
-59,-75,-44,-104,-120,-90,1905-02
-25,-19,-30,-28,-11,-42,1905-03
-36,-41,-30,-34,-40,-33,1905-04
-33,-29,-36,-38,-27,-49,1905-05
-31,-30,-32,-35,-27,-45,1905-06
-24,-17,-31,-49,-18,-76,1905-07
-20,-23,-18,-32,-28,-42,1905-08
-14,-9,-19,-26,-15,-40,1905-09
-23,-20,-24,-40,-32,-51,1905-10
-8,9,-23,-12,12,-36,1905-11
-21,-27,-14,-29,-28,-30,1905-12
-30,-54,-5,-22,-67,14,1906-01
-34,-59,-9,-41,-84,-5,1906-02
-15,-10,-19,-38,-24,-47,1906-03
-2,11,-15,2,17,-10,1906-04
-20,-15,-26,-24,-12,-38,1906-05
-21,-6,-36,-29,4,-56,1906-06
-26,-28,-24,-28,-18,-39,1906-07
-19,-11,-27,-23,4,-47,1906-08
-25,-17,-33,-35,-3,-69,1906-09
-20,-10,-30,-23,5,-51,1906-10
-38,-38,-39,-58,-52,-72,1906-11
-18,1,-38,-30,9,-68,1906-12
-44,-52,-35,-54,-64,-56,1907-01
-52,-70,-35,-73,-115,-43,1907-02
-24,-23,-26,-50,-44,-59,1907-03
-40,-48,-32,-65,-75,-57,1907-04
-46,-58,-34,-63,-77,-56,1907-05
-43,-49,-37,-71,-67,-78,1907-06
-35,-39,-31,-47,-42,-59,1907-07
-36,-39,-34,-60,-38,-81,1907-08
-31,-36,-27,-43,-24,-65,1907-09
-24,-20,-28,-38,-10,-63,1907-10
-51,-61,-41,-65,-72,-67,1907-11
-50,-55,-45,-71,-62,-84,1907-12
-46,-50,-41,-42,-52,-43,1908-01
-35,-28,-43,-36,-20,-54,1908-02
-57,-68,-46,-56,-69,-54,1908-03
-45,-47,-44,-50,-36,-70,1908-04
-40,-35,-46,-37,-24,-54,1908-05
-38,-33,-44,-47,-17,-81,1908-06
-35,-37,-33,-45,-16,-70,1908-07
-45,-56,-34,-44,-41,-47,1908-08
-32,-28,-38,-21,-12,-32,1908-09
-43,-43,-43,-44,-29,-60,1908-10
-51,-59,-43,-64,-71,-61,1908-11
-50,-54,-47,-45,-52,-45,1908-12
-70,-88,-52,-83,-105,-76,1909-01
-47,-46,-48,-62,-47,-82,1909-02
-52,-60,-44,-54,-65,-55,1909-03
-59,-67,-50,-66,-58,-76,1909-04
-54,-51,-56,-63,-51,-81,1909-05
-52,-51,-52,-47,-36,-58,1909-06
-43,-40,-46,-40,-25,-53,1909-07
-30,-29,-31,-15,-8,-23,1909-08
-37,-35,-40,-24,-11,-37,1909-09
-39,-31,-47,-22,-13,-33,1909-10
-31,-12,-52,-19,17,-53,1909-11
-54,-52,-57,-59,-64,-55,1909-12
-44,-39,-50,-51,-46,-56,1910-01
-43,-39,-48,-43,-39,-50,1910-02
-47,-44,-51,-50,-26,-73,1910-03
-38,-35,-43,-35,-20,-50,1910-04
-34,-34,-34,-30,-29,-36,1910-05
-36,-43,-30,-39,-37,-49,1910-06
-31,-36,-27,-28,-15,-38,1910-07
-33,-36,-31,-19,-19,-19,1910-08
-36,-38,-36,-14,-24,-7,1910-09
-38,-24,-53,-35,-6,-63,1910-10
-56,-55,-58,-58,-59,-66,1910-11
-69,-78,-60,-70,-92,-54,1910-12
-63,-73,-53,-70,-87,-62,1911-01
-60,-60,-61,-70,-72,-70,1911-02
-62,-60,-64,-66,-66,-68,1911-03
-55,-44,-65,-57,-43,-74,1911-04
-51,-45,-58,-43,-32,-54,1911-05
-47,-27,-66,-43,-13,-74,1911-06
-40,-35,-46,-20,-5,-37,1911-07
-43,-40,-45,-29,-14,-46,1911-08
-38,-30,-46,-29,-15,-50,1911-09
-26,-12,-39,-22,-8,-37,1911-10
-20,-13,-27,-18,-8,-25,1911-11
-25,-33,-16,-31,-22,-31,1911-12
-27,-40,-13,-24,-48,-1,1912-01
-13,-14,-12,-15,-2,-26,1912-02
-37,-59,-14,-46,-64,-37,1912-03
-19,-22,-17,-32,-23,-41,1912-04
-20,-17,-22,-24,-4,-41,1912-05
-26,-19,-31,-31,-14,-46,1912-06
-41,-53,-27,-54,-64,-49,1912-07
-51,-72,-30,-66,-90,-49,1912-08
-47,-66,-28,-38,-72,-14,1912-09
-55,-78,-32,-51,-98,-17,1912-10
-38,-47,-28,-48,-52,-42,1912-11
-42,-54,-31,-38,-58,-26,1912-12
-41,-56,-27,-49,-60,-46,1913-01
-44,-57,-30,-55,-65,-48,1913-02
-44,-44,-43,-64,-47,-72,1913-03
-36,-48,-24,-35,-38,-33,1913-04
-44,-58,-30,-65,-63,-70,1913-05
-45,-54,-36,-64,-49,-81,1913-06
-34,-53,-14,-26,-48,-10,1913-07
-32,-42,-22,-24,-36,-15,1913-08
-32,-39,-25,-24,-38,-18,1913-09
-34,-40,-27,-34,-44,-29,1913-10
-18,-12,-23,-20,-6,-27,1913-11
-4,10,-17,-1,19,-12,1913-12
2,20,-16,9,33,-13,1914-01
-13,-7,-19,-9,-6,-11,1914-02
-23,-27,-18,-10,-20,-3,1914-03
-27,-36,-19,-25,-41,-7,1914-04
-19,-23,-15,-6,-16,0,1914-05
-22,-25,-19,-12,-17,-10,1914-06
-24,-36,-12,-26,-26,-31,1914-07
-15,-22,-8,-13,-13,-16,1914-08
-13,-20,-6,-13,-20,-9,1914-09
-5,4,-14,7,11,0,1914-10
-21,-21,-19,-38,-29,-52,1914-11
-10,-10,-9,-27,-29,-28,1914-12
-20,-20,-20,-25,-23,-29,1915-01
-1,-1,0,2,-3,5,1915-02
-8,-16,0,-9,-16,-4,1915-03
7,7,8,-6,19,-23,1915-04
-1,3,-4,-24,6,-51,1915-05
-16,-9,-22,-28,4,-57,1915-06
-3,-2,-2,-2,3,-8,1915-07
-15,-10,-19,-22,-1,-46,1915-08
-12,-10,-14,-4,-5,-6,1915-09
-22,-24,-21,-14,-22,-13,1915-10
-12,2,-26,1,6,-9,1915-11
-25,-16,-34,-16,-10,-25,1915-12
-19,-8,-31,-14,12,-37,1916-01
-23,-16,-31,-19,-12,-25,1916-02
-31,-36,-25,-48,-55,-46,1916-03
-25,-30,-21,-34,-31,-39,1916-04
-27,-29,-25,-40,-25,-56,1916-05
-44,-43,-45,-55,-34,-74,1916-06
-34,-29,-40,-40,-13,-64,1916-07
-27,-30,-25,-16,-10,-17,1916-08
-29,-37,-22,-22,-33,-10,1916-09
-28,-24,-33,-20,-17,-20,1916-10
-42,-35,-50,-43,-28,-58,1916-11
-78,-106,-52,-85,-129,-55,1916-12
-46,-51,-44,-57,-67,-55,1917-01
-53,-60,-47,-78,-77,-83,1917-02
-47,-64,-32,-83,-83,-88,1917-03
-38,-49,-28,-57,-59,-60,1917-04
-48,-70,-29,-84,-92,-80,1917-05
-40,-45,-36,-51,-39,-64,1917-06
-23,-29,-17,-4,-15,8,1917-07
-26,-37,-15,-43,-27,-57,1917-08
-18,-23,-14,-36,-18,-50,1917-09
-35,-53,-19,-54,-68,-47,1917-10
-28,-23,-35,-39,-35,-42,1917-11
-71,-106,-38,-97,-157,-58,1917-12
-43,-56,-31,-68,-87,-56,1918-01
-32,-34,-32,-66,-55,-83,1918-02
-20,-15,-26,-55,-23,-84,1918-03
-39,-52,-26,-58,-78,-44,1918-04
-37,-46,-27,-81,-61,-100,1918-05
-28,-36,-20,-47,-48,-50,1918-06
-20,-31,-10,-53,-33,-77,1918-07
-26,-28,-24,-53,-34,-69,1918-08
-14,-15,-12,-23,-19,-30,1918-09
-2,7,-10,-2,13,-18,1918-10
-15,-18,-10,-29,-38,-25,1918-11
-30,-56,-3,-40,-70,-20,1918-12
-21,-38,-3,-35,-52,-30,1919-01
-20,-38,-2,-29,-53,-20,1919-02
-24,-40,-8,-17,-44,0,1919-03
-17,-29,-5,-17,-30,-6,1919-04
-20,-43,3,-21,-37,-10,1919-05
-27,-38,-17,-23,-34,-15,1919-06
-20,-29,-12,-13,-27,-7,1919-07
-19,-18,-20,-11,-5,-24,1919-08
-17,-9,-24,-24,-2,-43,1919-09
-15,-5,-24,-12,1,-27,1919-10
-28,-42,-14,-47,-55,-47,1919-11
-35,-50,-18,-35,-63,-13,1919-12
-15,-5,-25,-17,-2,-25,1920-01
-22,-19,-25,-33,-21,-42,1920-02
-7,9,-23,-22,15,-48,1920-03
-25,-22,-29,-26,-22,-33,1920-04
-25,-19,-30,-37,-20,-50,1920-05
-32,-24,-40,-43,-21,-62,1920-06
-31,-23,-38,-27,-10,-41,1920-07
-28,-28,-27,-20,-12,-28,1920-08
-19,-31,-7,-22,-28,-14,1920-09
-28,-38,-19,-49,-40,-57,1920-10
-33,-42,-23,-39,-54,-26,1920-11
-47,-65,-29,-55,-80,-35,1920-12
-4,25,-32,-8,42,-51,1921-01
-20,-9,-32,-22,-12,-30,1921-02
-27,-7,-48,-17,9,-38,1921-03
-35,-14,-57,-23,-3,-45,1921-04
-35,-21,-48,-24,-23,-23,1921-05
-30,-11,-48,-16,-3,-25,1921-06
-15,0,-29,-4,14,-24,1921-07
-23,-23,-23,-52,-26,-75,1921-08
-16,-13,-20,-19,-22,-19,1921-09
-5,2,-13,-16,-9,-20,1921-10
-16,-6,-25,-32,-26,-37,1921-11
-18,-12,-24,-24,-14,-31,1921-12
-34,-37,-31,-46,-61,-32,1922-01
-43,-63,-24,-51,-79,-29,1922-02
-12,-6,-19,-37,-19,-49,1922-03
-21,-15,-26,-15,-13,-19,1922-04
-34,-19,-48,-43,-16,-70,1922-05
-32,-16,-48,-37,-2,-64,1922-06
-25,-24,-27,-9,-14,-14,1922-07
-30,-32,-30,-30,-23,-37,1922-08
-28,-35,-23,-20,-27,-14,1922-09
-32,-29,-36,-33,-23,-44,1922-10
-16,-11,-22,-17,-13,-23,1922-11
-16,-13,-21,-20,-11,-26,1922-12
-27,-23,-33,-31,-22,-40,1923-01
-37,-43,-31,-29,-50,-11,1923-02
-31,-36,-27,-28,-31,-27,1923-03
-38,-53,-23,-54,-69,-43,1923-04
-33,-38,-28,-37,-40,-37,1923-05
-23,-21,-25,-33,-25,-40,1923-06
-28,-25,-31,-55,-24,-81,1923-07
-29,-19,-38,-43,-9,-73,1923-08
-27,-9,-43,-36,-6,-65,1923-09
-12,15,-38,-17,27,-53,1923-10
4,25,-17,-9,28,-36,1923-11
-5,14,-23,-14,21,-40,1923-12
-24,-24,-22,-34,-30,-34,1924-01
-27,-20,-33,-48,-32,-55,1924-02
-11,7,-29,-18,5,-35,1924-03
-34,-27,-41,-55,-37,-78,1924-04
-18,-5,-31,-33,-4,-54,1924-05
-28,-17,-38,-22,-14,-28,1924-06
-26,-16,-36,-21,-3,-33,1924-07
-34,-21,-47,-21,-7,-34,1924-08
-29,-18,-41,-11,-8,-12,1924-09
-35,-18,-51,-18,-9,-29,1924-10
-22,15,-59,-11,37,-45,1924-11
-42,-32,-51,-33,-24,-41,1924-12
-33,-20,-47,-51,-22,-75,1925-01
-34,-30,-38,-42,-28,-53,1925-02
-23,-14,-32,-33,-15,-50,1925-03
-24,-11,-38,-21,-7,-35,1925-04
-30,-21,-38,-39,-27,-51,1925-05
-33,-23,-43,-46,-20,-68,1925-06
-29,-21,-36,-46,-21,-71,1925-07
-18,-10,-24,-15,-2,-27,1925-08
-13,6,-32,-36,13,-77,1925-09
-17,-2,-31,-42,-9,-73,1925-10
4,25,-16,-9,21,-36,1925-11
11,30,-7,13,37,-6,1925-12
20,52,-11,20,67,-19,1926-01
8,26,-9,22,43,9,1926-02
13,38,-12,15,54,-17,1926-03
-15,-10,-17,-17,-9,-23,1926-04
-24,-20,-27,-41,-28,-55,1926-05
-25,-16,-31,-27,-12,-40,1926-06
-20,-14,-25,-22,-7,-37,1926-07
-10,-5,-14,-3,1,-11,1926-08
-11,0,-20,-4,6,-9,1926-09
-11,10,-31,-17,8,-35,1926-10
-6,21,-31,-3,20,-19,1926-11
-30,-24,-35,-31,-35,-31,1926-12
-28,-24,-32,-25,-18,-33,1927-01
-20,-6,-35,-24,-5,-41,1927-02
-38,-40,-35,-44,-47,-40,1927-03
-30,-27,-33,-40,-38,-43,1927-04
-24,-12,-37,-36,-12,-59,1927-05
-27,-11,-42,-31,-6,-50,1927-06
-13,-3,-24,-10,17,-36,1927-07
-18,-9,-28,-31,0,-55,1927-08
-5,8,-18,-17,11,-39,1927-09
-1,28,-28,8,38,-19,1927-10
-4,17,-23,5,23,-11,1927-11
-36,-34,-35,-30,-39,-23,1927-12
-4,28,-35,-2,39,-35,1928-01
-12,12,-36,-8,22,-26,1928-02
-28,-23,-32,-15,-22,-8,1928-03
-28,-28,-28,-13,-28,3,1928-04
-30,-12,-47,-45,-5,-79,1928-05
-41,-26,-54,-60,-21,-92,1928-06
-21,-8,-33,-11,9,-34,1928-07
-25,-16,-33,-8,-5,-13,1928-08
-19,-11,-27,-3,1,-4,1928-09
-18,-3,-31,-9,8,-20,1928-10
-9,8,-26,3,17,-5,1928-11
-20,-4,-35,-10,12,-27,1928-12
-47,-55,-39,-34,-43,-26,1929-01
-60,-80,-40,-57,-94,-28,1929-02
-33,-15,-51,-40,-13,-63,1929-03
-40,-30,-51,-48,-34,-64,1929-04
-38,-26,-51,-46,-25,-69,1929-05
-43,-33,-52,-49,-32,-66,1929-06
-32,-29,-35,-41,-24,-61,1929-07
-29,-13,-43,-42,-11,-68,1929-08
-23,-14,-31,-25,-10,-41,1929-09
-15,4,-32,-5,8,-15,1929-10
-14,1,-28,-9,8,-20,1929-11
-55,-63,-46,-67,-67,-65,1929-12
-29,-10,-48,-28,-14,-39,1930-01
-24,-17,-31,-25,-22,-33,1930-02
-8,18,-35,-12,25,-45,1930-03
-25,-13,-36,-28,-9,-43,1930-04
-25,-19,-31,-21,-18,-28,1930-05
-18,-10,-25,-26,-3,-45,1930-06
-16,3,-34,-26,13,-56,1930-07
-10,9,-28,-23,23,-65,1930-08
-10,4,-24,-17,6,-43,1930-09
-8,11,-26,-36,3,-71,1930-10
14,42,-13,3,34,-23,1930-11
-9,9,-24,-12,5,-28,1930-12
-10,5,-23,-16,3,-30,1931-01
-21,-28,-12,-32,-44,-13,1931-02
-6,2,-12,-8,1,-15,1931-03
-21,-14,-25,-32,-13,-46,1931-04
-22,-13,-28,-21,-15,-24,1931-05
-6,16,-26,-12,17,-36,1931-06
1,11,-8,3,23,-14,1931-07
0,13,-12,7,24,-12,1931-08
-6,19,-29,-19,25,-48,1931-09
0,30,-29,1,43,-38,1931-10
-12,17,-40,-20,33,-67,1931-11
-10,6,-25,4,17,-9,1931-12
14,41,-14,30,63,-1,1932-01
-18,-19,-16,-32,-28,-32,1932-02
-19,-18,-21,-23,-19,-28,1932-03
-7,14,-26,4,17,-9,1932-04
-21,-10,-32,-21,-11,-29,1932-05
-29,-11,-45,-48,-10,-75,1932-06
-23,-9,-36,-25,-9,-39,1932-07
-23,-5,-40,-21,2,-43,1932-08
-11,13,-34,3,17,-16,1932-09
-10,16,-34,5,27,-17,1932-10
-26,-26,-26,-13,-34,2,1932-11
-22,-15,-29,-18,-10,-23,1932-12
-34,-36,-32,-40,-50,-29,1933-01
-32,-37,-27,-31,-46,-21,1933-02
-28,-29,-27,-29,-38,-20,1933-03
-23,-18,-29,-22,-21,-26,1933-04
-25,-24,-26,-16,-22,-14,1933-05
-32,-27,-36,-30,-27,-33,1933-06
-20,-11,-29,-15,6,-37,1933-07
-22,-15,-30,-21,-3,-34,1933-08
-26,-20,-32,-13,-16,-13,1933-09
-24,-9,-38,-11,-6,-14,1933-10
-31,-20,-44,-40,-27,-52,1933-11
-47,-54,-40,-58,-63,-58,1933-12
-27,-20,-36,-18,-20,-21,1934-01
-4,35,-44,-15,43,-63,1934-02
-30,-31,-31,-39,-36,-49,1934-03
-26,-25,-28,-38,-29,-45,1934-04
-10,6,-27,-3,12,-16,1934-05
-13,-2,-24,-20,0,-31,1934-06
-10,-3,-17,-2,4,-6,1934-07
-9,-8,-11,4,-4,7,1934-08
-15,-14,-16,-11,-7,-17,1934-09
-11,11,-32,-10,20,-36,1934-10
-1,29,-30,1,45,-34,1934-11
-8,19,-35,4,49,-33,1934-12
-37,-39,-34,-36,-46,-23,1935-01
12,60,-37,20,69,-19,1935-02
-13,7,-33,0,16,-15,1935-03
-34,-31,-38,-53,-38,-67,1935-04
-26,-31,-21,-38,-46,-38,1935-05
-22,-13,-32,-26,-9,-44,1935-06
-19,-4,-33,-31,0,-54,1935-07
-17,-7,-27,-28,-2,-49,1935-08
-16,-2,-29,-42,2,-68,1935-09
-8,10,-25,-11,12,-23,1935-10
-29,-34,-23,-36,-44,-24,1935-11
-22,-19,-23,-22,-22,-20,1935-12
-29,-29,-29,-32,-32,-29,1936-01
-39,-51,-26,-46,-68,-27,1936-02
-23,-14,-32,-20,-18,-22,1936-03
-20,-5,-35,-7,-6,-13,1936-04
-16,-2,-30,-32,-7,-47,1936-05
-19,5,-42,-21,16,-53,1936-06
-6,14,-25,18,25,6,1936-07
-11,4,-27,-3,11,-15,1936-08
-6,7,-19,-5,10,-18,1936-09
-3,5,-12,-2,9,-9,1936-10
-5,8,-17,-1,10,-11,1936-11
-3,14,-22,6,17,-7,1936-12
-11,-1,-22,-15,12,-35,1937-01
6,29,-17,3,39,-25,1937-02
-17,-15,-17,-24,-20,-26,1937-03
-17,-8,-26,-22,-8,-38,1937-04
-7,8,-22,-6,11,-23,1937-05
-7,13,-27,-8,17,-30,1937-06
-4,14,-22,-15,18,-41,1937-07
3,16,-9,2,24,-17,1937-08
14,34,-5,21,42,-1,1937-09
10,34,-16,18,46,-8,1937-10
9,26,-7,26,35,20,1937-11
-12,-8,-15,-11,-8,-15,1937-12
0,22,-23,-4,32,-32,1938-01
-3,18,-25,-3,33,-33,1938-02
6,32,-22,17,50,-12,1938-03
5,29,-21,24,48,-2,1938-04
-7,2,-18,6,1,8,1938-05
-17,-9,-26,-14,-3,-22,1938-06
-8,-2,-17,-1,10,-7,1938-07
-4,10,-20,-11,28,-39,1938-08
3,20,-16,7,35,-18,1938-09
11,26,-7,27,46,4,1938-10
2,26,-25,9,38,-21,1938-11
-26,-29,-24,-14,-19,-12,1938-12
-12,-2,-25,-5,13,-22,1939-01
-12,-5,-21,-20,5,-44,1939-02
-20,-27,-14,-39,-29,-48,1939-03
-12,-7,-18,-19,3,-39,1939-04
-7,-3,-11,-4,-2,-5,1939-05
-8,-2,-14,-13,1,-25,1939-06
-5,3,-13,-16,10,-35,1939-07
-4,7,-14,-28,11,-54,1939-08
0,13,-13,-17,15,-43,1939-09
-3,7,-14,-12,0,-28,1939-10
6,21,-11,-20,21,-47,1939-11
40,80,0,30,99,-25,1939-12
-15,-25,-5,-24,-35,-14,1940-01
6,20,-7,1,26,-18,1940-02
12,15,10,7,17,-2,1940-03
16,29,4,-1,41,-35,1940-04
6,10,3,3,13,-8,1940-05
5,7,4,14,8,17,1940-06
11,13,8,18,9,21,1940-07
1,1,3,6,-5,15,1940-08
12,19,8,18,16,19,1940-09
8,20,-3,3,15,-7,1940-10
13,28,0,3,23,-10,1940-11
19,25,15,20,26,18,1940-12
13,19,8,0,11,-10,1941-01
23,45,3,16,50,-8,1941-02
6,4,9,-15,-2,-21,1941-03
11,11,13,-3,8,-7,1941-04
10,15,9,6,9,8,1941-05
4,14,-2,10,13,6,1941-06
15,19,14,23,16,23,1941-07
14,12,17,1,4,-5,1941-08
2,5,1,-23,-10,-30,1941-09
25,37,14,6,27,-11,1941-10
12,11,15,-8,-9,-5,1941-11
14,10,19,0,-11,11,1941-12
26,34,19,17,22,17,1942-01
4,-5,15,-7,-24,8,1942-02
13,13,14,-5,5,-6,1942-03
14,14,15,-5,4,-9,1942-04
14,14,14,-2,9,-7,1942-05
11,13,9,4,13,-1,1942-06
2,3,0,1,4,-5,1942-07
-3,-5,1,6,-15,25,1942-08
0,12,-11,3,9,1,1942-09
6,29,-17,-3,28,-30,1942-10
13,29,-4,8,18,-4,1942-11
12,21,0,1,3,-7,1942-12
-1,-11,9,-24,-35,-11,1943-01
22,38,4,1,28,-23,1943-02
1,3,-1,-20,-17,-24,1943-03
13,31,-6,-3,16,-21,1943-04
10,22,-3,-14,20,-44,1943-05
-1,-4,2,-15,-11,-25,1943-06
14,5,23,5,0,6,1943-07
3,13,-6,-21,6,-40,1943-08
11,16,6,2,8,-5,1943-09
30,47,11,24,38,13,1943-10
25,39,11,4,24,-13,1943-11
29,43,13,17,41,-6,1943-12
41,65,16,29,71,-3,1944-01
31,47,15,10,40,-14,1944-02
34,34,33,6,14,-3,1944-03
27,18,35,-10,-1,-20,1944-04
27,22,30,-9,13,-29,1944-05
23,17,30,-10,6,-21,1944-06
23,12,35,1,0,0,1944-07
23,13,36,3,7,2,1944-08
32,37,28,21,30,16,1944-09
27,43,12,17,35,1,1944-10
12,19,6,-3,6,-14,1944-11
5,-1,12,-23,-34,-12,1944-12
13,10,18,-2,-11,3,1945-01
2,-10,15,-18,-31,-7,1945-02
11,9,13,-5,10,-17,1945-03
24,23,25,9,28,-6,1945-04
10,5,16,-29,-20,-40,1945-05
3,6,1,-34,-6,-59,1945-06
7,2,14,-26,-13,-37,1945-07
26,27,26,16,19,19,1945-08
22,18,28,3,13,-3,1945-09
22,27,19,2,14,-3,1945-10
10,13,10,-9,1,-18,1945-11
-10,-23,6,-38,-53,-26,1945-12
15,34,-3,-1,31,-30,1946-01
6,21,-8,-8,24,-36,1946-02
0,9,-8,-19,9,-46,1946-03
11,34,-12,1,36,-32,1946-04
-3,6,-11,-2,-1,-8,1946-05
-16,0,-34,-21,-1,-41,1946-06
-9,-1,-17,1,0,-2,1946-07
-8,0,-18,-7,-5,-7,1946-08
-2,1,-6,-2,3,-10,1946-09
-5,5,-16,-17,0,-31,1946-10
-2,13,-16,-10,18,-33,1946-11
-29,-39,-17,-32,-41,-23,1946-12
-12,-15,-9,-15,-20,-2,1947-01
-8,-5,-10,1,-7,9,1947-02
5,27,-18,17,39,-4,1947-03
4,20,-11,11,38,-13,1947-04
-6,-3,-9,-2,2,-5,1947-05
0,-4,4,1,-8,9,1947-06
-5,-5,-6,-4,2,-7,1947-07
-8,-5,-11,0,3,-1,1947-08
-14,-4,-24,0,11,-11,1947-09
6,40,-29,23,65,-19,1947-10
-1,12,-14,22,36,6,1947-11
-18,-14,-22,-18,-1,-33,1947-12
5,30,-21,17,55,-16,1948-01
-13,-11,-15,-18,-6,-29,1948-02
-23,-28,-18,-30,-17,-40,1948-03
-9,1,-19,-13,10,-33,1948-04
8,26,-9,3,23,-14,1948-05
-5,2,-11,4,10,-2,1948-06
-13,-1,-23,-17,-1,-28,1948-07
-10,5,-24,-20,1,-36,1948-08
-10,-1,-19,0,10,-11,1948-09
-6,3,-17,-3,12,-15,1948-10
-8,11,-27,-18,19,-48,1948-11
-23,-34,-11,-20,-28,-15,1948-12
9,29,-11,2,28,-15,1949-01
-16,-15,-18,-36,-24,-42,1949-02
-1,3,-4,-8,9,-17,1949-03
-7,-1,-13,-25,-4,-41,1949-04
-8,2,-19,-14,0,-27,1949-05
-22,-16,-28,-17,-16,-20,1949-06
-13,-12,-15,-10,-17,-4,1949-07
-7,0,-15,-12,-1,-20,1949-08
-8,-4,-13,-6,-1,-11,1949-09
-2,11,-15,1,15,-11,1949-10
-8,4,-20,-5,14,-21,1949-11
-19,-21,-17,-18,-22,-15,1949-12
-30,-43,-17,-31,-37,-27,1950-01
-26,-31,-21,-32,-35,-28,1950-02
-6,8,-22,-7,13,-27,1950-03
-21,-21,-22,-24,-24,-25,1950-04
-12,-2,-23,-23,-5,-40,1950-05
-6,-5,-9,-10,-9,-12,1950-06
-9,-20,1,-14,-26,-5,1950-07
-17,-23,-13,-35,-24,-39,1950-08
-10,-10,-12,-19,-14,-25,1950-09
-20,-8,-32,-23,-9,-37,1950-10
-35,-38,-32,-42,-42,-41,1950-11
-20,-8,-34,-19,-12,-28,1950-12
-35,-35,-35,-38,-39,-40,1951-01
-43,-52,-35,-47,-54,-43,1951-02
-18,-15,-22,-15,-29,-4,1951-03
-10,8,-29,-4,14,-23,1951-04
-2,17,-20,5,13,-4,1951-05
-5,0,-9,-5,-9,-5,1951-06
0,9,-8,-5,2,-13,1951-07
5,23,-12,9,26,-6,1951-08
8,31,-14,7,33,-15,1951-09
6,26,-11,-1,23,-20,1951-10
0,12,-10,-3,11,-13,1951-11
15,34,-4,13,38,-7,1951-12
16,19,14,8,18,3,1952-01
13,16,10,10,18,6,1952-02
-9,-25,8,-19,-31,-3,1952-03
2,15,-11,-8,15,-23,1952-04
-4,15,-22,-12,14,-30,1952-05
-4,16,-24,-10,13,-31,1952-06
5,15,-4,4,19,-8,1952-07
7,6,8,9,5,12,1952-08
8,15,0,13,14,13,1952-09
-3,-3,-4,-3,-3,-1,1952-10
-17,-24,-10,-21,-23,-20,1952-11
-1,2,-4,-4,4,-10,1952-12
9,26,-8,9,34,-14,1953-01
16,36,-4,5,37,-23,1953-02
11,25,-3,14,31,0,1953-03
20,43,-2,10,51,-22,1953-04
9,22,-4,-4,22,-26,1953-05
8,21,-4,1,25,-19,1953-06
3,18,-13,-5,25,-31,1953-07
8,16,1,10,14,5,1953-08
6,16,-4,7,14,1,1953-09
5,24,-13,5,26,-12,1953-10
-5,3,-12,0,6,-3,1953-11
4,18,-10,14,26,3,1953-12
-28,-30,-25,-32,-44,-20,1954-01
-10,-5,-14,-9,-5,-12,1954-02
-12,-16,-7,-11,-22,-2,1954-03
-18,-8,-28,-15,-4,-24,1954-04
-19,-13,-26,-19,-16,-23,1954-05
-15,-4,-27,-21,-6,-35,1954-06
-16,-10,-24,-27,-18,-33,1954-07
-12,1,-26,-17,-2,-28,1954-08
-7,10,-23,-17,14,-40,1954-09
-1,9,-13,0,13,-10,1954-10
8,30,-16,16,41,-10,1954-11
-18,-17,-20,-13,-12,-14,1954-12
11,42,-21,22,51,-8,1955-01
-21,-15,-28,-11,-9,-14,1955-02
-36,-45,-27,-39,-52,-29,1955-03
-23,-22,-26,-19,-24,-18,1955-04
-20,-13,-29,-18,-15,-22,1955-05
-7,-5,-12,-19,-9,-27,1955-06
-9,-4,-15,-17,-11,-24,1955-07
4,6,0,10,1,14,1955-08
-12,0,-25,-11,-3,-17,1955-09
-5,12,-23,1,6,-7,1955-10
-28,-35,-22,-25,-45,-9,1955-11
-32,-33,-33,-31,-36,-28,1955-12
-16,-11,-23,-24,-18,-31,1956-01
-25,-35,-15,-32,-50,-19,1956-02
-23,-26,-19,-33,-39,-30,1956-03
-26,-24,-29,-25,-34,-19,1956-04
-28,-30,-27,-30,-36,-25,1956-05
-15,-19,-11,-10,-25,2,1956-06
-11,-20,-4,-12,-32,5,1956-07
-25,-26,-25,-32,-38,-26,1956-08
-21,-34,-10,-15,-37,4,1956-09
-24,-30,-19,-25,-37,-13,1956-10
-17,-30,-5,-24,-46,-7,1956-11
-10,-16,-5,-20,-29,-12,1956-12
-13,-17,-10,-15,-24,-7,1957-01
-5,-7,-4,-5,-10,2,1957-02
-5,-12,1,-8,-19,3,1957-03
-3,-10,3,0,-14,13,1957-04
8,-6,22,-1,-20,17,1957-05
16,12,21,14,8,20,1957-06
1,10,-7,-12,5,-28,1957-07
14,17,12,13,10,16,1957-08
6,14,-1,10,9,10,1957-09
1,7,-4,1,-2,4,1957-10
7,13,3,13,15,10,1957-11
16,27,6,20,23,16,1957-12
40,71,8,42,72,14,1958-01
24,33,16,24,34,19,1958-02
10,19,1,19,18,19,1958-03
1,5,-1,8,8,8,1958-04
8,14,4,11,16,6,1958-05
-5,3,-12,-18,-2,-31,1958-06
6,5,7,8,-1,16,1958-07
-6,14,-25,-10,12,-30,1958-08
-2,7,-11,-7,10,-23,1958-09
4,8,-1,9,6,11,1958-10
3,6,-1,8,1,14,1958-11
1,19,-16,-7,18,-31,1958-12
6,25,-12,4,24,-15,1959-01
10,17,2,9,18,2,1959-02
19,32,7,24,32,18,1959-03
17,20,13,19,23,15,1959-04
6,2,10,0,3,-3,1959-05
2,12,-7,8,14,4,1959-06
6,4,9,10,3,17,1959-07
-1,6,-8,0,9,-6,1959-08
-6,11,-22,-13,10,-33,1959-09
-8,-6,-10,-10,-4,-15,1959-10
-9,0,-17,-8,3,-18,1959-11
-3,7,-11,9,15,4,1959-12
-1,14,-16,8,28,-11,1960-01
15,45,-17,27,61,-5,1960-02
-36,-42,-28,-46,-48,-45,1960-03
-16,-13,-19,-20,-19,-22,1960-04
-8,4,-19,-14,8,-35,1960-05
1,18,-16,-1,27,-28,1960-06
-2,9,-12,-11,9,-30,1960-07
0,10,-10,7,13,1,1960-08
5,13,-3,8,14,3,1960-09
7,6,8,12,5,18,1960-10
-11,-8,-14,-10,-8,-13,1960-11
18,38,-3,17,42,-5,1960-12
7,16,-3,9,22,-2,1961-01
18,28,8,23,38,9,1961-02
9,20,-2,3,20,-13,1961-03
15,13,16,13,15,11,1961-04
13,5,20,17,5,28,1961-05
12,18,6,12,21,3,1961-06
-3,6,-12,0,4,-3,1961-07
2,6,-3,7,9,6,1961-08
5,-7,16,15,1,30,1961-09
0,-5,4,9,-6,23,1961-10
3,7,-2,8,7,10,1961-11
-15,-16,-13,-14,-21,-7,1961-12
7,30,-16,7,31,-12,1962-01
14,37,-9,16,42,-8,1962-02
12,32,-8,10,30,-7,1962-03
5,21,-12,5,28,-14,1962-04
-6,6,-18,-12,4,-27,1962-05
6,-9,20,5,-20,27,1962-06
-2,13,-17,-13,6,-32,1962-07
-2,7,-11,-8,3,-19,1962-08
-1,-1,0,0,-9,9,1962-09
-3,13,-17,1,15,-12,1962-10
6,15,-2,9,16,2,1962-11
-1,13,-15,0,12,-11,1962-12
-3,9,-15,-2,12,-16,1963-01
19,51,-13,23,54,-6,1963-02
-13,-13,-14,-23,-16,-29,1963-03
-5,5,-15,-19,-4,-32,1963-04
-9,-3,-15,-14,-4,-22,1963-05
3,-2,8,3,-10,14,1963-06
8,13,4,6,5,6,1963-07
25,17,32,19,9,26,1963-08
20,14,25,22,13,29,1963-09
15,41,-9,9,46,-23,1963-10
15,45,-14,5,42,-29,1963-11
0,7,-6,-5,0,-9,1963-12
-6,-3,-8,-7,-4,-9,1964-01
-12,-9,-15,-17,-14,-17,1964-02
-22,-34,-10,-28,-44,-15,1964-03
-30,-30,-30,-36,-30,-42,1964-04
-25,-10,-40,-33,-10,-55,1964-05
-7,-8,-6,-14,-14,-14,1964-06
-7,-12,-3,-8,-18,1,1964-07
-21,-22,-19,-29,-28,-30,1964-08
-28,-28,-28,-37,-28,-44,1964-09
-30,-31,-29,-34,-31,-37,1964-10
-21,-21,-21,-21,-22,-21,1964-11
-30,-27,-32,-34,-33,-36,1964-12
-9,-1,-16,-6,1,-12,1965-01
-17,-38,3,-18,-44,6,1965-02
-11,-4,-18,-12,2,-24,1965-03
-20,-26,-13,-29,-33,-25,1965-04
-14,-9,-18,-16,-14,-18,1965-05
-8,-20,4,-16,-29,-4,1965-06
-12,-17,-8,-26,-27,-27,1965-07
-1,-19,17,-9,-25,7,1965-08
-14,-18,-9,-26,-29,-24,1965-09
-4,-3,-5,-9,-10,-9,1965-10
-6,5,-16,-13,-4,-22,1965-11
-5,-4,-6,-19,-20,-17,1965-12
-16,-21,-11,-22,-26,-20,1966-01
0,9,-10,-4,11,-18,1966-02
4,0,8,13,-4,28,1966-03
-13,-22,-4,-9,-30,8,1966-04
-10,0,-20,-10,-9,-12,1966-05
1,6,-2,-4,1,-8,1966-06
8,12,5,11,7,13,1966-07
-10,16,-36,-10,19,-37,1966-08
-1,10,-13,-3,9,-13,1966-09
-15,-7,-22,-26,-19,-34,1966-10
-2,2,-6,-5,-4,-8,1966-11
-6,-7,-5,-9,-9,-9,1966-12
-6,-14,2,-8,-20,4,1967-01
-20,-37,-2,-26,-49,-6,1967-02
3,21,-15,0,16,-14,1967-03
-5,6,-16,-9,-8,-10,1967-04
14,23,4,17,22,12,1967-05
-8,-4,-13,-13,-10,-16,1967-06
1,5,-5,5,8,1,1967-07
2,6,-2,2,5,-1,1967-08
-4,-2,-7,-1,-8,5,1967-09
7,30,-17,11,33,-8,1967-10
-6,1,-15,1,7,-5,1967-11
-2,5,-10,0,5,-4,1967-12
-23,-29,-18,-21,-30,-13,1968-01
-15,-18,-12,-17,-30,-4,1968-02
21,47,-7,32,60,6,1968-03
-5,1,-12,-9,-2,-15,1968-04
-10,-4,-17,-18,-13,-25,1968-05
-6,-3,-10,-12,-15,-10,1968-06
-11,-8,-14,-13,-16,-12,1968-07
-11,-8,-13,-8,-17,-1,1968-08
-19,-4,-31,-27,-9,-44,1968-09
12,3,20,6,-2,12,1968-10
-4,-17,8,-8,-24,6,1968-11
-14,-28,2,-21,-34,-10,1968-12
-11,-42,21,-16,-53,17,1969-01
-14,-42,15,-26,-59,3,1969-02
0,-16,17,-10,-24,2,1969-03
19,5,33,11,-2,24,1969-04
20,12,28,16,15,16,1969-05
5,-5,16,4,-7,13,1969-06
-1,7,-9,-2,10,-13,1969-07
3,4,3,-9,1,-18,1969-08
10,6,15,1,-1,1,1969-09
11,4,18,8,6,10,1969-10
11,17,7,9,15,4,1969-11
27,36,17,33,45,21,1969-12
9,-2,22,4,-10,17,1970-01
22,31,13,27,43,11,1970-02
7,-7,22,10,-4,22,1970-03
9,0,19,12,2,19,1970-04
-5,-3,-6,-5,3,-13,1970-05
-3,-1,-5,11,10,13,1970-06
-4,-4,-4,9,4,13,1970-07
-11,-7,-14,-8,-1,-13,1970-08
11,-4,25,15,-2,31,1970-09
4,-16,24,11,-13,32,1970-10
1,2,0,4,11,-3,1970-11
-13,-30,3,-10,-28,4,1970-12
-2,-13,8,-1,-17,13,1971-01
-20,-28,-12,-13,-27,-3,1971-02
-18,-25,-11,-20,-30,-12,1971-03
-9,-20,1,-3,-21,12,1971-04
-6,-12,-1,-6,-12,-1,1971-05
-18,-14,-23,-20,-14,-25,1971-06
-12,-12,-12,-9,-10,-7,1971-07
-3,-18,10,4,-16,23,1971-08
-1,-14,11,2,-6,11,1971-09
-6,-16,4,-1,-8,6,1971-10
-4,1,-9,-10,3,-22,1971-11
-8,-15,-2,-4,-9,1,1971-12
-24,-57,9,-28,-62,2,1972-01
-17,-52,18,-31,-64,1,1972-02
2,-1,4,-7,-3,-10,1972-03
-1,-12,10,-5,-24,14,1972-04
-3,-17,12,-2,-23,18,1972-05
4,-10,17,8,-16,30,1972-06
2,-6,11,6,-3,14,1972-07
18,-8,43,19,-7,43,1972-08
3,-28,35,6,-35,41,1972-09
9,-5,23,-3,-7,0,1972-10
3,-21,28,-4,-30,22,1972-11
18,-5,43,15,-12,42,1972-12
27,15,40,26,15,39,1973-01
30,43,17,32,53,15,1973-02
25,30,20,38,50,28,1973-03
25,17,34,36,31,40,1973-04
25,12,39,36,15,56,1973-05
15,16,16,29,27,31,1973-06
9,2,17,22,16,28,1973-07
2,1,3,6,10,4,1973-08
6,-8,20,12,-1,24,1973-09
12,-2,25,21,4,36,1973-10
6,-9,20,11,-6,27,1973-11
-6,-1,-12,-1,7,-7,1973-12
-15,-32,2,-6,-21,8,1974-01
-28,-38,-18,-23,-35,-14,1974-02
-5,2,-13,0,11,-11,1974-03
-10,-11,-9,-7,-2,-13,1974-04
-1,-18,16,3,-13,16,1974-05
-5,-19,8,2,-13,14,1974-06
-3,-13,6,-2,-12,8,1974-07
11,-11,33,13,-4,29,1974-08
-12,-17,-7,-15,-16,-14,1974-09
-7,-25,10,-7,-29,11,1974-10
-7,-24,9,-7,-18,4,1974-11
-9,-29,10,-3,-27,18,1974-12
7,10,3,7,11,3,1975-01
7,8,6,10,7,12,1975-02
13,13,13,14,13,13,1975-03
6,6,4,5,10,0,1975-04
16,0,31,27,5,47,1975-05
-2,-6,2,5,2,8,1975-06
-3,-8,2,7,4,11,1975-07
-20,-14,-25,-25,-4,-43,1975-08
-3,-8,1,-3,0,-4,1975-09
-9,-14,-5,-4,-4,-6,1975-10
-16,-29,-4,-6,-20,7,1975-11
-17,-22,-14,-22,-29,-15,1975-12
-1,7,-10,-1,18,-19,1976-01
-6,-11,-2,-8,-2,-14,1976-02
-21,-32,-11,-31,-36,-27,1976-03
-10,1,-21,-22,-7,-36,1976-04
-23,-27,-19,-23,-24,-21,1976-05
-15,-22,-8,-17,-19,-15,1976-06
-12,-30,5,-16,-26,-7,1976-07
-18,-24,-12,-23,-24,-22,1976-08
-9,-11,-7,-15,-12,-19,1976-09
-26,-50,-1,-36,-60,-14,1976-10
-6,-32,21,-16,-43,10,1976-11
9,-26,44,-2,-34,27,1976-12
18,-15,50,15,-16,44,1977-01
20,11,30,23,19,28,1977-02
25,26,24,31,40,24,1977-03
27,27,26,31,40,24,1977-04
30,22,37,30,24,36,1977-05
25,20,29,32,30,33,1977-06
23,7,39,31,16,45,1977-07
19,2,35,29,7,49,1977-08
2,15,-10,-8,18,-33,1977-09
4,-2,11,0,-3,4,1977-10
20,27,12,25,36,15,1977-11
5,3,7,15,15,14,1977-12
8,14,2,14,18,11,1978-01
14,14,14,20,8,32,1978-02
20,21,20,28,29,27,1978-03
15,6,25,27,12,40,1978-04
7,-8,22,21,2,37,1978-05
-3,-14,8,4,-8,15,1978-06
7,-7,20,19,-1,39,1978-07
-18,-13,-21,-14,-3,-23,1978-08
5,-1,10,15,3,26,1978-09
0,-5,4,4,-3,10,1978-10
16,18,15,15,20,11,1978-11
11,8,15,11,15,7,1978-12
14,3,25,18,5,27,1979-01
-9,-35,18,-10,-39,15,1979-02
19,16,21,26,29,23,1979-03
12,-17,42,20,-12,48,1979-04
5,0,11,9,9,11,1979-05
14,6,22,21,17,24,1979-06
3,4,2,4,13,-4,1979-07
14,3,25,13,7,20,1979-08
27,17,36,29,21,37,1979-09
25,21,30,27,36,20,1979-10
29,24,35,30,30,31,1979-11
47,52,41,52,67,40,1979-12
30,20,40,36,23,48,1980-01
42,43,41,46,46,45,1980-02
29,7,51,41,17,62,1980-03
32,13,50,44,23,62,1980-04
34,22,46,46,31,61,1980-05
16,18,15,21,28,16,1980-06
28,12,43,37,19,53,1980-07
24,9,38,31,10,50,1980-08
21,8,33,32,13,49,1980-09
19,15,24,24,23,24,1980-10
29,20,38,29,29,29,1980-11
21,7,33,18,3,32,1980-12
56,84,26,62,102,27,1981-01
41,62,20,57,87,28,1981-02
48,68,28,66,96,37,1981-03
31,38,25,51,60,42,1981-04
25,16,33,33,23,43,1981-05
31,29,31,38,41,35,1981-06
34,11,56,51,20,79,1981-07
34,18,49,53,32,73,1981-08
17,18,16,28,23,32,1981-09
13,25,2,11,25,-3,1981-10
21,38,5,22,47,0,1981-11
40,58,22,47,69,28,1981-12
9,-7,25,12,-16,37,1982-01
14,16,12,25,23,28,1982-02
-1,4,-7,-1,8,-9,1982-03
9,12,7,3,4,2,1982-04
16,7,24,25,2,47,1982-05
4,1,9,4,-3,10,1982-06
13,5,21,18,12,23,1982-07
8,-6,22,8,2,14,1982-08
15,8,22,9,14,3,1982-09
13,1,25,1,-3,4,1982-10
14,-12,41,13,-17,42,1982-11
42,37,48,41,38,47,1982-12
52,55,48,49,62,42,1983-01
40,36,43,41,42,42,1983-02
42,44,40,47,64,35,1983-03
30,8,53,41,20,61,1983-04
35,5,65,48,16,77,1983-05
17,12,24,28,23,33,1983-06
15,21,11,21,38,5,1983-07
30,25,35,46,43,49,1983-08
38,28,48,56,44,68,1983-09
14,11,18,34,25,43,1983-10
30,52,8,33,64,5,1983-11
17,13,20,18,18,20,1983-12
30,33,27,25,31,21,1984-01
17,7,28,17,10,25,1984-02
29,20,37,38,32,42,1984-03
8,-7,24,16,7,23,1984-04
33,23,44,47,34,59,1984-05
4,11,-2,5,29,-16,1984-06
16,9,24,19,24,16,1984-07
15,3,27,28,24,31,1984-08
19,-2,41,28,3,51,1984-09
15,7,23,23,19,26,1984-10
4,-12,21,12,-3,27,1984-11
-6,-42,31,4,-27,33,1984-12
21,8,35,32,15,48,1985-01
-7,-32,19,2,-22,26,1985-02
17,0,35,27,8,44,1985-03
11,-6,28,21,-1,42,1985-04
17,8,26,22,21,24,1985-05
17,4,29,27,8,45,1985-06
-1,-10,9,3,-2,8,1985-07
15,-2,31,36,12,58,1985-08
14,1,27,26,10,41,1985-09
11,1,21,14,13,14,1985-10
9,3,15,9,-2,20,1985-11
15,15,15,14,19,12,1985-12
29,35,23,39,51,29,1986-01
40,35,44,53,44,61,1986-02
29,24,33,40,35,46,1986-03
26,16,37,44,30,58,1986-04
26,19,34,34,26,43,1986-05
12,13,12,13,18,9,1986-06
13,-2,27,15,4,26,1986-07
12,4,21,21,13,29,1986-08
2,1,3,3,-1,5,1986-09
14,6,22,12,7,16,1986-10
11,1,21,13,4,21,1986-11
16,9,24,21,19,24,1986-12
36,29,43,44,37,51,1987-01
45,55,36,53,71,36,1987-02
17,1,32,25,15,35,1987-03
24,8,40,38,23,54,1987-04
26,23,29,30,26,35,1987-05
36,19,53,56,31,78,1987-06
46,28,63,60,46,72,1987-07
28,28,29,28,40,16,1987-08
39,43,37,36,52,21,1987-09
31,23,41,34,28,39,1987-10
24,9,42,30,12,46,1987-11
47,53,42,56,63,50,1987-12
56,59,53,67,71,64,1988-01
42,42,41,49,57,42,1988-02
49,47,51,62,64,62,1988-03
45,45,46,51,56,45,1988-04
44,42,46,62,62,62,1988-05
42,39,44,60,55,64,1988-06
35,40,30,45,50,40,1988-07
46,26,65,57,39,75,1988-08
41,28,54,56,38,73,1988-09
39,25,53,55,36,74,1988-10
13,5,20,18,8,29,1988-11
34,47,19,39,61,19,1988-12
15,10,20,26,21,31,1989-01
35,47,21,46,63,33,1989-02
36,43,27,45,57,35,1989-03
33,35,30,43,49,37,1989-04
16,22,11,19,32,8,1989-05
14,26,3,15,34,-1,1989-06
33,31,35,49,41,56,1989-07
35,27,42,52,36,66,1989-08
36,28,44,53,35,69,1989-09
32,27,37,44,34,51,1989-10
20,12,29,23,10,33,1989-11
37,37,37,40,34,45,1989-12
40,44,36,53,62,45,1990-01
41,50,31,42,51,35,1990-02
76,114,35,86,142,38,1990-03
54,66,42,65,82,50,1990-04
46,48,44,56,56,57,1990-05
38,49,27,47,68,29,1990-06
43,30,56,62,40,83,1990-07
30,36,24,43,54,32,1990-08
30,40,20,31,47,16,1990-09
42,46,39,52,53,51,1990-10
46,49,43,54,56,52,1990-11
42,38,46,48,44,51,1990-12
42,54,29,50,61,39,1991-01
50,52,49,61,60,63,1991-02
36,45,26,48,61,36,1991-03
52,54,50,73,68,77,1991-04
39,37,41,43,45,42,1991-05
54,44,64,69,55,83,1991-06
51,46,56,63,59,66,1991-07
42,34,48,56,46,65,1991-08
50,39,60,63,56,68,1991-09
32,31,33,35,42,30,1991-10
31,35,27,33,42,25,1991-11
33,21,44,33,32,34,1991-12
45,53,36,50,68,37,1992-01
42,47,36,42,62,27,1992-02
47,48,45,54,62,48,1992-03
24,9,39,24,17,30,1992-04
32,18,46,26,21,34,1992-05
24,4,44,29,6,50,1992-06
13,-8,34,8,-11,25,1992-07
9,-7,25,13,-1,26,1992-08
1,-19,21,-4,-19,10,1992-09
11,-13,35,9,-20,34,1992-10
4,-7,15,2,-8,12,1992-11
22,22,21,24,34,16,1992-12
37,41,32,39,45,35,1993-01
39,53,24,41,63,22,1993-02
35,39,31,33,50,19,1993-03
27,21,34,31,28,34,1993-04
26,30,23,27,39,17,1993-05
23,22,25,27,31,24,1993-06
28,12,43,39,22,54,1993-07
13,2,25,21,9,32,1993-08
11,-6,27,9,-5,21,1993-09
23,15,31,23,17,28,1993-10
7,-15,30,9,-19,34,1993-11
19,21,17,19,28,11,1993-12
30,36,24,39,43,36,1994-01
4,-2,10,8,4,12,1994-02
26,42,9,26,51,4,1994-03
41,47,34,54,65,44,1994-04
28,38,19,26,49,6,1994-05
42,42,41,56,56,56,1994-06
32,34,29,41,53,29,1994-07
23,31,16,26,43,11,1994-08
32,30,33,41,38,45,1994-09
42,53,31,41,60,24,1994-10
46,51,41,52,61,45,1994-11
36,33,39,44,45,44,1994-12
49,72,27,56,95,22,1995-01
77,115,39,89,145,42,1995-02
44,56,33,51,70,35,1995-03
47,72,21,58,93,27,1995-04
28,40,17,38,61,16,1995-05
44,47,41,51,64,39,1995-06
48,39,58,63,57,69,1995-07
48,55,41,57,74,44,1995-08
34,42,26,46,57,36,1995-09
48,61,35,67,87,48,1995-10
44,56,33,53,74,34,1995-11
29,31,27,40,40,38,1995-12
27,30,23,42,51,33,1996-01
49,58,40,60,78,43,1996-02
33,29,37,45,51,39,1996-03
37,21,54,50,34,66,1996-04
29,37,21,35,52,19,1996-05
26,25,28,33,36,31,1996-06
36,29,43,57,44,68,1996-07
48,18,77,75,26,121,1996-08
27,6,47,43,5,77,1996-09
20,5,35,33,11,53,1996-10
42,37,45,51,50,52,1996-11
41,39,42,53,62,47,1996-12
32,37,27,47,57,37,1997-01
37,55,18,55,85,27,1997-02
52,78,25,66,111,23,1997-03
37,52,22,39,63,18,1997-04
39,44,34,44,55,33,1997-05
55,50,59,68,54,81,1997-06
35,43,28,33,49,19,1997-07
42,46,39,45,57,34,1997-08
56,55,58,50,60,40,1997-09
64,68,61,60,69,51,1997-10
66,60,72,72,70,73,1997-11
59,53,67,69,66,73,1997-12
61,66,57,72,86,61,1998-01
89,106,73,120,142,102,1998-02
63,72,53,84,106,65,1998-03
64,89,39,83,126,44,1998-04
71,66,75,94,89,99,1998-05
78,74,82,105,97,111,1998-06
71,78,64,91,98,86,1998-07
68,74,62,85,90,81,1998-08
45,62,29,58,81,37,1998-09
46,57,36,68,75,61,1998-10
50,60,40,66,75,56,1998-11
56,76,36,78,103,55,1998-12
48,60,36,68,84,53,1999-01
66,101,30,85,122,51,1999-02
34,32,36,49,48,50,1999-03
33,55,11,41,77,7,1999-04
33,43,22,48,56,41,1999-05
37,39,35,61,55,68,1999-06
40,37,43,63,53,74,1999-07
34,36,32,54,50,60,1999-08
43,41,45,65,63,67,1999-09
43,44,41,63,55,72,1999-10
42,56,27,59,79,39,1999-11
46,72,20,52,87,19,1999-12
26,35,17,30,50,12,2000-01
58,88,27,78,129,31,2000-02
60,86,31,71,124,22,2000-03
59,88,30,76,117,38,2000-04
39,57,22,57,78,37,2000-05
43,48,38,69,66,71,2000-06
41,43,39,63,53,71,2000-07
43,49,37,61,62,60,2000-08
42,39,45,55,44,67,2000-09
29,31,29,35,37,33,2000-10
34,20,47,47,31,63,2000-11
30,30,31,48,56,40,2000-12
43,55,31,57,81,35,2001-01
45,49,41,62,72,52,2001-02
57,77,36,68,106,34,2001-03
52,59,45,61,83,41,2001-04
58,63,53,73,86,62,2001-05
54,55,53,66,71,63,2001-06
61,64,57,72,75,69,2001-07
48,68,29,63,89,40,2001-08
55,56,54,70,65,73,2001-09
51,61,41,61,77,45,2001-10
70,95,44,78,113,47,2001-11
55,67,42,73,93,52,2001-12
75,99,49,97,140,58,2002-01
76,107,43,89,137,46,2002-02
91,113,67,112,151,78,2002-03
58,50,66,80,75,84,2002-04
65,51,79,87,70,103,2002-05
53,71,37,64,88,43,2002-06
62,69,55,83,93,73,2002-07
55,53,56,68,65,71,2002-08
65,60,69,82,77,86,2002-09
57,56,57,64,68,59,2002-10
59,77,42,71,97,48,2002-11
43,48,38,55,72,39,2002-12
73,91,55,93,121,68,2003-01
55,51,59,74,74,74,2003-02
57,60,54,72,84,62,2003-03
55,59,50,69,83,56,2003-04
62,71,53,87,97,78,2003-05
48,54,43,64,71,61,2003-06
55,66,44,65,80,53,2003-07
66,82,50,86,101,71,2003-08
66,79,54,82,91,74,2003-09
75,97,54,85,115,58,2003-10
54,67,42,65,87,44,2003-11
74,98,51,88,119,61,2003-12
58,69,47,73,82,65,2004-01
70,89,51,93,120,67,2004-02
65,89,40,85,128,47,2004-03
62,74,50,77,103,52,2004-04
42,56,28,49,78,21,2004-05
43,48,37,64,64,63,2004-06
26,50,3,23,59,-11,2004-07
44,54,36,58,68,46,2004-08
53,61,46,59,68,50,2004-09
65,75,56,82,87,77,2004-10
72,94,49,87,114,62,2004-11
51,45,57,66,56,76,2004-12
71,88,55,96,113,82,2005-01
58,67,48,87,90,84,2005-02
70,86,54,94,117,75,2005-03
69,91,47,83,119,51,2005-04
65,77,52,76,94,59,2005-05
66,80,53,82,101,65,2005-06
65,76,54,79,94,66,2005-07
62,70,55,73,86,61,2005-08
77,91,64,97,111,83,2005-09
80,95,65,99,118,83,2005-10
75,101,48,89,123,60,2005-11
68,79,55,89,103,76,2005-12
57,65,50,77,88,65,2006-01
70,89,50,92,120,64,2006-02
63,80,46,81,106,57,2006-03
51,61,40,69,80,59,2006-04
47,74,20,50,92,12,2006-05
64,78,51,78,102,56,2006-06
54,66,43,66,88,47,2006-07
72,66,77,84,77,92,2006-08
64,75,54,74,85,63,2006-09
69,97,42,83,114,54,2006-10
73,94,52,87,113,63,2006-11
77,111,43,92,141,48,2006-12
96,132,59,122,171,79,2007-01
71,93,48,94,129,62,2007-02
70,93,47,93,123,65,2007-03
76,107,44,94,136,57,2007-04
67,71,64,93,92,93,2007-05
58,64,53,66,86,47,2007-06
62,63,61,79,84,74,2007-07
60,70,50,84,95,75,2007-08
64,67,60,81,82,82,2007-09
60,83,37,79,108,53,2007-10
57,78,36,73,104,44,2007-11
50,73,26,71,103,41,2007-12
25,22,28,47,38,56,2008-01
37,51,22,46,67,28,2008-02
73,110,36,89,139,43,2008-03
54,65,42,66,85,49,2008-04
51,60,41,56,77,37,2008-05
48,63,33,52,76,30,2008-06
61,58,63,72,67,79,2008-07
45,60,31,39,65,16,2008-08
65,59,72,82,66,96,2008-09
67,85,49,73,88,60,2008-10
67,92,43,80,103,60,2008-11
54,65,43,72,87,57,2008-12
62,79,44,74,91,58,2009-01
53,70,35,74,95,53,2009-02
53,59,47,64,71,59,2009-03
61,69,53,75,86,65,2009-04
65,66,64,82,88,76,2009-05
65,70,61,79,81,76,2009-06
72,65,80,86,73,99,2009-07
66,70,64,84,81,86,2009-08
70,79,62,90,96,84,2009-09
64,74,55,71,86,57,2009-10
77,80,74,82,93,73,2009-11
65,68,62,75,90,60,2009-12
73,77,69,95,105,84,2010-01
78,87,70,104,120,86,2010-02
92,111,73,111,141,82,2010-03
87,115,59,100,144,59,2010-04
75,93,57,95,118,72,2010-05
64,80,48,84,104,66,2010-06
62,84,41,74,105,47,2010-07
65,81,49,83,106,63,2010-08
61,64,58,86,88,85,2010-09
71,88,54,94,118,74,2010-10
79,116,42,100,148,57,2010-11
49,57,40,69,83,57,2010-12
51,56,45,71,75,71,2011-01
53,62,44,68,83,54,2011-02
64,86,41,77,112,45,2011-03
65,81,47,81,108,58,2011-04
53,63,43,64,81,48,2011-05
59,73,45,73,94,52,2011-06
74,70,76,90,89,91,2011-07
73,67,77,95,86,103,2011-08
56,69,44,77,96,59,2011-09
66,87,45,83,115,55,2011-10
56,61,51,77,81,74,2011-11
54,76,31,79,103,58,2011-12
46,62,31,61,77,47,2012-01
49,57,41,57,72,42,2012-02
58,71,44,70,95,47,2012-03
69,102,35,79,132,30,2012-04
76,91,61,95,120,72,2012-05
62,87,37,71,112,33,2012-06
57,80,34,56,94,22,2012-07
63,70,57,85,92,79,2012-08
76,86,66,89,102,78,2012-09
78,85,71,93,106,81,2012-10
75,90,59,94,111,78,2012-11
53,46,60,71,60,81,2012-12
68,80,56,98,113,85,2013-01
55,65,46,75,92,57,2013-02
66,80,52,87,110,65,2013-03
52,66,39,66,83,50,2013-04
61,76,46,67,89,46,2013-05
66,73,58,87,92,83,2013-06
59,68,50,66,80,52,2013-07
67,68,65,79,77,81,2013-08
78,69,86,100,77,122,2013-09
69,81,57,85,99,72,2013-10
81,104,57,88,117,62,2013-11
67,77,56,83,97,69,2013-12
73,94,52,95,125,70,2014-01
52,68,35,65,94,39,2014-02
78,117,37,78,140,22,2014-03
78,104,52,88,133,46,2014-04
87,89,83,104,110,99,2014-05
66,82,51,76,94,59,2014-06
58,73,43,71,90,53,2014-07
82,88,75,85,91,79,2014-08
90,85,95,109,88,128,2014-09
85,95,75,101,112,91,2014-10
68,82,54,79,98,62,2014-11
79,109,50,97,136,62,2014-12
82,113,50,94,136,58,2015-01
87,114,59,107,132,84,2015-02
90,122,58,110,152,73,2015-03
74,101,47,74,118,35,2015-04
78,97,59,85,113,61,2015-05
78,103,54,83,116,52,2015-06
72,86,58,68,95,44,2015-07
79,98,61,89,106,72,2015-08
81,111,53,78,116,43,2015-09
106,123,90,116,134,100,2015-10
100,129,73,115,147,85,2015-11
110,142,79,138,183,100,2015-12
113,147,79,134,183,89,2016-01
130,185,75,159,238,90,2016-02
127,176,78,160,234,94,2016-03
107,141,73,131,190,77,2016-04
93,103,83,116,135,97,2016-05
76,109,45,88,134,48,2016-06
84,103,67,98,128,72,2016-07
99,107,91,128,136,122,2016-08
89,118,60,110,142,80,2016-09
89,103,76,120,131,110,2016-10
89,107,72,117,128,107,2016-11
79,96,62,111,132,91,2016-12
